10001100
00000100
00000000
00000100
10101100
10000100
00000000
00000100
10001100
10001001
00000000
00001000
10001100
10001010
00000000
00001100
00000001
00101010
01011000
00100001
10001100
10001100
00000000
00001100
00000001
01101100
01101000
00100011
10001100
00001110
00000000
00010100
00000001
10101100
01101000
00100011
00010101
10101110
11111111
11111110
10001100
00001111
00000000
00100000
10001100
00011000
00000000
00100100
00000011
00001111
11000000
00100011
00010111
00000000
11111111
11111110
11111111
11111111
11111111
11111111
